public class Valentine implements Runnable {
    
    public void run() {
       char[][] data={
    {32,32,32,32,32,32,32,32,32,32,32,32,32,32,32,77,77,77,77,77,77,77,77,77,32,32,32,32,32,32,32,32,32,32,32,32,32,32,32,32,32,32,32,32,32,32,32,32,32,77,77,77,77,77,77,77,77,77},
    {32,32,32,32,32,32,32,32,32,32,32,77,77,77,77,77,77,77,77,77,77,77,77,77,77,77,77,77,77,32,32,32,32,32,32,32,32,32,32,32,32,32,32,32,77,77,77,77,77,77,77,77,77,77,77,77,77,77,77,77,77,77},
    {32,32,32,32,32,32,32,32,77,77,77,77,77,77,77,88,88,88,88,88,88,88,88,88,88,77,77,77,77,77,77,77,32,32,32,32,32,32,32,32,32,77,77,77,77,77,77,77,88,88,88,88,88,88,88,88,88,88,77,77,77,77,77,77,77},
    {32,32,32,32,32,77,77,77,77,77,77,88,88,88,88,88,88,88,88,88,88,88,88,88,88,88,88,88,77,77,77,77,77,77,32,32,32,32,32,77,77,77,77,77,77,88,88,88,88,88,88,88,88,88,88,88,88,88,88,88,88,88,77,77,77,77,77,77},
    {32,32,32,32,77,77,77,77,77,88,88,88,88,88,88,88,88,79,79,79,79,79,79,79,79,88,88,88,88,88,88,77,77,77,77,32,32,32,77,77,77,77,88,88,88,88,88,88,79,79,79,79,79,79,79,79,88,88,88,88,88,88,88,88,77,77,77,77,77},
    {32,32,32,77,77,77,77,88,88,88,88,88,88,88,79,79,79,79,79,79,79,79,79,79,79,79,79,79,79,88,88,88,88,77,77,77,32,77,77,77,88,88,88,88,79,79,79,79,79,79,79,79,79,79,79,79,79,79,79,88,88,88,88,88,88,88,77,77,77,77},
    {32,32,77,77,77,77,88,88,88,88,88,88,79,79,79,79,79,79,79,79,79,79,79,79,79,79,79,79,79,79,79,79,88,88,88,77,77,77,88,88,88,79,79,79,79,79,79,79,79,79,79,79,79,79,79,79,79,79,79,79,79,88,88,88,88,88,88,77,77,77,77},
    {32,32,77,77,77,88,88,88,88,88,79,79,79,79,79,79,79,79,79,79,79,79,79,79,79,79,79,79,79,79,79,79,79,79,88,88,88,88,88,79,79,79,79,79,79,79,79,79,79,79,79,79,79,79,79,79,79,79,79,79,79,79,79,88,88,88,88,88,77,77,77},
    {32,77,77,77,88,88,88,88,88,79,79,79,79,79,79,79,79,79,79,79,32,32,32,32,32,32,32,79,79,79,79,79,79,79,79,79,88,79,79,79,79,79,79,79,79,79,32,32,32,32,32,32,32,79,79,79,79,79,79,79,79,79,79,79,79,88,88,88,88,77,77,77},
    {32,77,77,77,88,88,88,88,79,79,79,79,79,79,79,79,79,32,32,32,32,32,32,32,32,32,32,32,32,32,32,79,79,79,79,79,79,79,79,79,79,79,32,32,32,32,32,32,32,32,32,32,32,32,32,32,79,79,79,79,79,79,79,79,79,79,88,88,88,77,77,77},
    {32,77,77,77,88,88,88,88,79,79,79,79,79,79,79,79,32,32,32,32,32,32,32,32,32,32,32,32,32,32,32,32,32,32,79,79,79,79,79,32,32,32,32,32,32,32,32,32,32,32,32,32,32,32,32,32,32,79,79,79,79,79,79,79,79,79,88,88,88,77,77,77},
    {32,77,77,77,88,88,88,88,79,79,79,79,79,79,79,32,32,32,32,72,32,65,32,80,32,80,32,89,32,32,32,32,32,32,32,32,79,32,32,32,32,32,32,32,32,72,32,65,32,80,32,80,32,89,32,32,32,32,79,79,79,79,79,79,79,79,88,88,88,77,77,77},
    {32,77,77,77,88,88,88,88,79,79,79,79,79,79,79,32,32,32,32,32,32,32,32,32,32,32,32,32,32,32,32,32,32,32,32,32,32,32,32,32,32,32,32,32,32,32,32,32,32,32,32,32,32,32,32,32,32,32,79,79,79,79,79,79,79,79,88,88,88,77,77,77},
    {32,77,77,77,88,88,88,88,79,79,79,79,79,79,79,32,32,32,32,32,32,86,32,65,32,76,32,69,32,78,32,84,32,73,32,78,32,69,32,39,32,83,32,32,32,68,32,65,32,89,32,33,32,32,32,32,32,32,79,79,79,79,79,79,79,79,88,88,88,77,77,77},
    {32,77,77,77,88,88,88,88,88,79,79,79,79,79,79,32,32,32,32,32,32,32,32,32,32,32,32,32,32,32,32,32,46,44,44,44,44,44,44,44,44,44,44,46,32,32,32,32,32,32,32,32,32,32,32,32,32,32,48,48,48,48,79,79,79,88,88,88,88,77,77,77},
    {32,32,77,77,77,88,88,88,88,79,79,79,79,79,79,79,32,32,32,32,32,32,32,32,32,32,32,32,32,32,44,59,59,59,59,59,59,59,59,59,59,59,59,59,59,44,90,90,90,90,90,90,90,90,90,90,90,90,90,90,90,90,79,79,79,79,88,88,88,77,77,77},
    {32,32,77,77,77,77,88,88,88,88,79,79,79,79,79,79,79,32,32,32,32,32,32,32,32,32,32,32,44,59,59,59,59,59,59,59,59,59,59,59,41,41,41,59,59,40,40,40,44,44,59,59,59,44,44,95,90,90,90,90,90,90,79,79,88,88,88,77,77,77,77},
    {32,32,32,77,77,77,88,88,88,88,79,79,79,79,79,79,79,79,32,32,32,32,32,32,32,32,32,44,59,59,59,59,59,59,59,59,59,59,39,32,32,32,32,32,32,124,41,41,41,41,41,41,41,41,41,41,41,92,92,32,32,32,77,77,77,77,77,77,77,77},
    {32,32,32,77,77,77,77,88,88,88,88,79,79,79,79,79,79,79,79,32,32,32,32,32,32,32,32,59,59,59,59,59,59,47,32,41,39,39,32,32,32,32,45,32,47,44,41,41,41,40,40,40,40,40,40,40,40,40,40,92,32,32,77,77,77,77,77,77,77},
    {32,32,32,32,77,77,77,88,88,88,88,88,79,79,79,79,79,79,79,32,32,32,32,32,32,32,32,59,59,59,59,39,32,92,32,32,32,32,32,32,32,32,126,124,92,32,32,41,41,41,41,41,41,41,41,41,41,41,41,41,41,32,77,77,77,77,77,77,77},
    {32,32,32,32,32,77,77,77,88,88,88,88,88,79,79,79,79,79,79,32,32,32,32,32,32,32,32,47,32,32,32,32,32,47,32,32,32,32,32,32,32,32,32,124,32,32,32,40,40,40,40,40,40,40,40,40,40,40,40,40,40,32,77,77,77,77,77,77},
    {32,32,32,32,32,32,77,77,77,88,88,88,88,88,79,79,79,79,79,32,32,32,32,32,32,47,39,32,32,32,32,32,32,92,32,32,32,32,32,32,95,47,126,39,32,32,32,32,39,41,124,40,41,41,41,41,41,41,41,41,41,32,77,77,77,77,77},
    {32,32,32,32,32,32,32,77,77,77,88,88,88,88,88,79,79,79,79,32,32,32,32,47,39,32,32,32,32,32,32,32,32,32,96,92,32,32,32,47,62,32,32,32,32,32,32,95,47,41,41,41,40,40,40,40,40,40,40,40,32,77,77,77,77},
    {32,32,32,32,32,32,32,32,77,77,77,88,88,88,88,88,88,79,79,32,32,32,47,32,32,32,32,32,77,69,32,32,32,47,39,32,96,126,126,40,95,95,95,95,32,47,32,32,40,41,41,41,41,41,41,41,41,41,41,41,32,77,77,77},
    {32,32,32,32,32,32,32,32,32,32,77,77,77,88,88,88,88,88,88,32,32,124,32,32,32,32,32,45,45,45,44,32,32,32,92,32,32,32,32,32,32,32,32,92,32,32,32,32,32,40,40,40,40,40,40,40,40,40,40,32,77,77,77},
    {32,32,32,32,32,32,32,32,32,32,32,32,77,77,77,88,88,88,88,32,32,32,32,32,32,32,32,32,32,32,32,96,92,32,32,32,92,126,45,95,95,95,95,95,124,32,89,79,85,32,32,41,41,41,41,41,41,41,41,32,77,77},
    {32,32,32,32,32,32,32,32,32,32,32,32,32,32,77,77,77,77,88,32,32,32,32,32,32,32,32,32,32,32,32,32,32,32,96,92,32,32,124,32,32,32,32,32,32,124,95,46,45,45,45,46,32,32,92,32,77,77,77,77},
    {32,32,32,32,32,32,32,32,32,32,32,32,32,32,32,32,32,77,77,77,77,88,88,88,88,88,88,88,88,88,88,88,79,79,79,79,79,79,79,79,79,88,88,88,88,88,88,88,88,88,88,77,77,77,77,77},
    {32,32,32,32,32,32,32,32,32,32,32,32,32,32,32,32,32,32,32,32,77,77,77,77,77,88,88,88,88,88,88,88,88,88,88,88,79,88,88,88,88,88,88,88,88,88,88,88,77,77,77,77,77},
    {32,32,32,32,32,32,32,32,32,32,32,32,32,32,32,32,32,32,32,32,32,32,32,77,77,77,77,77,77,88,88,88,88,88,88,88,88,88,88,88,88,88,88,88,77,77,77,77,77,77},
    {32,32,32,32,32,32,32,32,32,32,32,32,32,32,32,32,32,32,32,32,32,32,32,32,32,32,32,77,77,77,77,77,77,88,88,88,88,88,88,88,77,77,77,77,77,77},
    {32,32,32,32,32,32,32,32,32,32,32,32,32,32,32,32,32,32,32,32,32,32,32,32,32,32,32,32,32,32,32,77,77,77,77,77,88,77,77,77,77,77},
    {32,32,32,32,32,32,32,32,32,32,32,32,32,32,32,32,32,32,32,32,32,32,32,32,32,32,32,32,32,32,32,32,32,32,77,77,77,77,77},
    {32,32,32,32,32,32,32,32,32,32,32,32,32,32,32,32,32,32,32,32,32,32,32,32,32,32,32,32,32,32,32,32,32,32,32,77,77,77,32,32,32},
    {32,32,32,32,32,32,32,32,32,32,32,32,32,32,32,32,32,32,32,32,32,32,32,32,32,32,32,32,32,32,32,32,32,32,32,32,77}
 };
       boolean direction=false;
       System.out.println();
       for(int i=0;i<data.length;i++){
           try {
             direction=!direction; 
             if (direction){
                for(int x=0;x<data[i].length;x++){               
                   Thread.sleep(10);
                   System.out.print(data[i][x]);
                }
             }else{
                for(int x=data[i].length-1;x>=0;x--){ 
                   for(int y=0;y<x;y++){
                       System.out.print(" ");
                   } 
                   Thread.sleep(10);
                   System.out.print(data[i][x]+"\r");
                }
             }
             
               System.out.println();
           
           } catch (InterruptedException ex) {
               ex.printStackTrace();
           }
       }
    }
    public static void main(String[] args) {
        new Thread(new Valentine()).start();       
    }
}
